9788954646079
9791160802160
9791157107223
9788965133735
9788994418513
9788987527598
9788937460449
9788983924469
9788952212184
9788932473789
9788932903507
9788954613873
9788958200673
9788998441005
9788995151204
9788932471631
9791186900529
9788997379767
9788958203919
9791130621968
9788933870693
9791195522125
9788962630619
9791130620459
9788952775184
9788984458215
9788952210555
9788933870839
9788936433697
9788937473135
9788994353487
9788952798398
9788936434120
9788932919683
9788965703112
9788950979959
9788954608640
9788946418370
9788952773326
9788932473802
9791186978801
9788965962830
9788937460043
9788994655291
9788937833663
9791187038030
9788972756125
9788965133520
9788983711939
9788972758990
9791188850624
9788937460777
9788990809179
9788997379057
9791188073382
9788932473901
9788936433635
9788965962823
9788901235622
9788964620878
9791187980193
9788982814471
9788962622096
9791158883270
9788983920706
9788925556789
9788962621358
9788932919676
9788983920690
9788993178692
9788958204695
9788934982975
9788983924490
9788932917207
9791187119845
9791189799052
9788983711922
9791130604190
9788990048820
9788956057439
9788965746799
9788954415576
9788965708339
9788972756194
9788957980132
9791189982140
9788932907871
9788985712682
9788932919874
9791160560510
9788932916194
9788934977841
9788932919126
9788934985068
9788962451436
9788988804674
9788958077121
9788936433871
9788955619317
9788962622508
9791196316808
9788983711892
9791161960395
9788962621150
9788994418568
9788936433598
9788972757573
9791186757093
9788998274795
9788965822417
9788901093154
9791196394509
9791186900291
9788937462672
9788983718914
9788987527376
9788958628118
9788952228956
9788988027400
9788968331862
9788936477196
9788958202844
9788972915812
9788994353197
9788947545150
9788988907412
9788963221359
9788963720043
9788937460050
9788952202000
9788972758426
9791158511418
9788972757085
9788971996096
9788983925336
9788925562599
9788996147442
9788937834790
9788971998014
9788901165813
9791186639085
9788936471897
9788990449016
9788962805901
9788983926289
9788965132288
9791195618453
9788937460470
9788972913641
9788971847244
9788937460883
9791185459431
9791186805398
9791189653187
9788973374939
9788965707691
9788956058030
9788934982968
9788933870792
9788985055970
9791186560785
9788934972464
9788998274412
9788998274931
9788979869354
9791186900024
9791130303888
9788937462788
9788956056531
9788976776747
9788970128856
9788965961956
9788990809177
9788983925350
9788931003581
9788956055510
9791195434077
9788960516175
9788965962359
9788958073642
9788970127248
9788972754824
9788990982575
9788932919133
9788932918372
9788954622035
9788958624516
9788952751546
9788956603254
9788965708322
9791186560129
9791133440054
9788982734014
9788934939603
9788956609959
9788950978976
9788956250595
9791155424353
9788954643535
9788958074380
9788932023151
9788954617246
9788954651820
9791190299060
9791135422225
9791156757344
9788983712073
9788937837654
9791160504576
9788937460616
9788965707820
9788932916385
9791186805282
9788934956150
9788982735745
9791196067694
9788932472959
9791130605210
9788965962205
9788937462665
9791196509460
9788926396780
9788954657877
9788971998557
9788937434488
9791188754083
9788954646123
9788972754190
9788972759546
9791188388905
9791189995096
9791187165460
9788960172067
9788954637756
9788970128085
9788925565163
9788956057842
9788956991979
9788935212057
9788972754282
9788954646130
9788932919584
9791164050277
9788984373068
9788956992921
9791190305679
9788984373617
9788901150598
9791158885342
9791158511494
9788954624534
9788979198188
9791158883591
9791162540985
9788937443589
9788965746829
9791160073607
9791162541029
9788936437534
9788972757719
9788990982773
9791162202913
9791188248674
9791189995102
9788970123691
9788935212224
9791187962540
9791195788583
9791195677108
9788970873268
9788937461545
9788932918389
9791186659373
9791189168018
9788954645614
9791185952987
9791135442414
9788952766984
9788901230658
9791160486735
9788954637169
9788935208647
9788965708636
9788901150970
9788954653817
9788954655972
9788965135586
9788956608846
9788957365793
9788937463105
9788932022888
9788956604992
9788959136896
9788954608657
9788954641630
9788937461033
9788962621952
9791162540640
9788901230801
9788932916378
9791158510619
9791161903538
9791158510978
9788936803261
9788965746836
9791157842636
9788937834868
9788990982780
9791129489159
9788982732508
9788960514065
9788990982612
9788954611800
9788990982674
9788982732362
9791188754007
9788937450518
9791190182560
9788901090184
9788932908557
9788936434243
9788936437978
9788990982728
9788950982256
9788965705468
9788997092772
9788986836240
9788983717573
9788965746843
9788972753698
9788932035635
9788901229614
9788901219943
9791195677153
9791162540480
9791188862290
9791190090018
9788937473098
9791160507171
9788925567846
9791162540466
9791162540381
9791162540800
9791196625900
9791163560449
9788936438036
9788901238753
9791130621128
9788925566511
9788925564289
9788989566755
9791162541210
9788995563502
9788925520384
9788998342296
9788925561325
9788965706908
9791188331611
9788965960072
9791162540909
9791189995379
9788901223032
9791160509632
9791188279630
9788965708063
9791188279302
9788925566726
9791185584454
9791188754113
9791163430162
9791188754236
9791195887392
9791189995393
9791160403008
9791185021966
9791130627168
9791188754168
9791190305273
9791135444968
9791130627984
9791187993698
9788998342500
9791188279272
9791130620893
9788962604658
9791157061402
9788965746669
9791196621957
9788937473074
9788934981213
9791130627595
9788947544085
9791188279456
9791162540169
9788990982810
9791170430308
9788947541183
9788947544047
9791196765866
9788952773487
9791186588956
9788964359020
9788950981983
9791187993681
9791188754205
9791190382175
9791187993575
9788937441912
9788925567525
9788934985747
9788954638401
9791187481607
9788970128337
9788997453665
9791164840441
9788934995791
9788983718686
9788925566009
9788947544306
9788954653848
9791189995119
9791195217540
9788935212927
9791190030151
9791188674855
9791190030137
9788925558455
9791188279104
9788990982735
9788955617672
9788934984566
9788983925374
9788934998952
9788971967867
9788983925404
9788925562483
9791189938338
9791135436338
9788983925398
9788965963790
9788983925367
9788932474274
9791135433245
9788934981237
9788935212897
9791185253572
9791190259170
9791190065092
9788965749561
9788950981891
9788982641398
9788952240569
9788965705451
9791162541289
9791196831011
9788973377947
9788963722320
9788983925329
9791190356039
9791190182911
9788994612393
9788983925381
9788936437541
9791189709020
9788956607030
9788983925312
9791187297239
9788954623773
9788954637770
9788965708513
9791164710041
9791188912506
9791186340691
9791158791070
9788982641435
9788954655699
9791158791155
9791135455063
9788960532410
9788973378067
9788959065417
9791160945164
9788965744023
9788965744047
9791160074147
9791158885519
9788972758242
9788973377961
9788973377978
9788982641411
9788952240491
9788960532427
9788972758945
9788973378005
9788935212484
9788972917014
9791187192244
9788973377992
9788957336304
9791135459757
9788947545211
9788973378050
9791165075064
9788934984559
9788973378326
9788937444005
9791130629346
9788983926852
9788934996699
9791187498384
9788983926845
9791155812396
9788989566731
9791158885502
9788993964585
9788946421158
9788965744030
9788965746898
9791160074673
9788993964349
9788936477134
9791187481539
9788973378012
9788971991060
9791187192466
9788973378036
9788973378319
9788965745617
9791185716435
9788994655697
9791164710027
9788973377954
9788934966371
9791157843183
9788983009166
9788934958307
9791195087501
9788993460667
9788960173538
9788960495982
9791195977703
9788959894901
9788994418162
9788946414501
9791190065702
9788950905224
9788994120997
9788996094043
9788934958321
9788901163611
9791159252846
9788996094050
9788994612959
9788960862371
9788984319998
9788954652599
9788966852291
9791160509748
9788927806851
9788960774384
9788950905507
9788934936350
9788997227167
9788959792108
9788996588733
9788996991342
9788960868007
9788962605815
9788959892822
9788959791927
9791189598068
9791186560464
9788959896127
9788947543248
9788957369159
9788927802396
9788959750498
9791130621388
9788960865594
9791156397311
9788927420118
9788994120966
9788960497504
9791130602882
9791155361283
9788960495791
9788996697923
9791130604626
9788964941348
9788978495592
9788979292336
9788927808138
9791130612249
9788997125838
9788960866072
9788991204690
9788956591698
9788934958260
9788950914882
9788965132868
9791187370703
9788960865723
9788964942642
9791164160457
9788960865815
9791196556617
9791186578728
9788974255930
9788963703015
9788965820093
9788934969006
9788952798565
9788968194504
9788959792443
9788964943168
9791160022315
9788968332012
9788983947277
9788989571858
9791130605814
9788947527934
9788960868984
9788960866157
9788965400592
9788934958314
9788994418278
9788934958215
9788931460230
9791188808816
9788964074800
9788966852680
9788959793006
9788960866140
9788934958291
9788980971862
9788934958284
9788994126128
9788994149400
9788934958222
9788964942802
9791187444282
9788960865563
9791185392080
9788967258290
9791130615479
9788960497498
9788985989749
9788960866201
9788950967062
9791156393092
9788994136561
9788997390915
9791129701855
9788994491004
9788962603170
9791157745562
9791157528370
9788996193166
9788934958277
9788950973131
9791156393047
9788968480713
9788964561935
9791155400050
9791185541983
9791130606682
9788964940648
9788993279634
9791187799085
9788960882072
9788959754113
9788968484919
9788931579833
9788934958246
9791185431642
9788984314320
9788949300931
9791156397830
9791157842049
9788968482908
9788996808893
9788925567921
9788992533591
9788947545174
9788996347286
9788960495807
9788964942192
9791185431598
9788963707860
9788966370184
9788979149623
9788997575336
9788940291801
9791158461683
9788993322897
9788955188110
9788927803478
9791186647240
9788934971016
9788960602373
9788965820437
9788960304369
9788994194684
9788931587012
9788993460728
9788934958253
9788931587036
9791156390466
9788934958192
9788952773944
9788960866003
9788990545442
9788959791811
9788927802778
9788997729050
9788956372259
9788994418483
9788994120874
9788964941065
9788964942925
9788960865884
9788934962342
9791155428252
9788947529280
9788994194615
9791185541815
9788959792696
9791162241349
9788960867680
9791156176701
9788997263943
9791163030072
9791185541402
9791188279647
9788974572884
9788997390892
9791160073485
9788966262335
9788990831279
9788966260546
9788966262472
9791130604787
9788934966760
9791187370802
9788991998858
9788979292800
9788966263080
9791188348121
9791163981237
9788952230645
9791155322611
9791196457679
9791161980461
9791186647011
9788964941386
9788966260461
9788931455625
9788994491554
9788978494380
9788952765208
9788957751848
9791185541617
9788965420705
9788937834332
9791188612956
9788966260959
9788931459982
9791187444084
9791160072518
9791163030195
9788984074835
9788984073661
9788960498228
9791195901968
9791187481720
9791155420300
9788994194509
9791157683406
9788959752249
9791187444213
9791187856849
9791163030287
9791157841110
9788970673554
9791187440192
9788992714754
9788990831682
9788973435043
9788994702346
9788950949150
9791160500844
9788950926267
9788959759507
9791187481638
9788983799227
9791162202845
9788970673493
9791155420317
9791186647271
9791188621620
9788931454727
9791165210144
9788993274127
9788901067179
9788967993566
9791185711072
9788994491288
9788994909097
9788997453061
9788993322811
9788994909073
9788994702506
9788927809692
9788997234233
9788990831316
9791162242162
9788998274719
9788960512672
9788997575282
9788966261253
9791160073492
9791158462239
9788950980870
9788991268838
9791185306247
9788960866454
9788965422785
9788959759521
9791190630092
9788956747880
9791188612130
9788991998827
9788995664230
9791157841707
9788966262427
9788956748245
9788957821121
9788966261208
9788997575169
9791160508079
9791186588314
9788959895526
9788959895847
9788927701057
9791195356225
9791159730108
9788925551951
9791155423981
9788934958239
9791187370680
9788963702926
9791187799023
9791190065979
9791160504453
9791130617060
9791186137864
9788965420996
9788990831057
9788984077447
9788968330759
9788931447897
9788956748238
9788967990374
9791158740467
9791187431046
9788901088464
9788960882461
9788931456905
9788988474167
9788994702407
9788931459593
9788931581461
9791186137413
9788966262199
9788971906071
9791155427194
9788957820742
9788956747347
9788994491851
9791163030935
9791160508673
9791190233415
9788954639002
9788991731882
9791157843695
9791186647288
9791190238182
9791187799016
9791189159405
9791162242551
9788934958208
9791187799078
9791185541716
9791187799108
9791160508451
9791187799030
9788997195992
9791186117767
9791189159092
9791186117347
9791160507119
9791195733781
9791188612789
9791186647356
9791160074048
9791164050178
9788956593623
9788965402145
9791188621811
9791186117590
9791186647097
9788931556155
9788960515529
9791157840182
9788997195657
9791160504774
9788965709596
9791130625928
9791186978665
9791195733736
9788915102019
9788994491790
9791130628042
9788959892341
9791187512295
9791186117002
9791188194131
9788963056852
9791158461423
9791158462925
9791196073138
9791185439044
9791157746224
9791160074116
9791160073973
9791162242155
9791185541945
9791185716480
9788984058392
9791196073152
9788955335323
9791165211080
9788997195916
9791189352110
9791160501056
9788991998872
9788956013046
9791186647332
9791188915064
9791196630430
9788956055619
9788997396658
9788925566399
9788901088761
9791188279586
9788997345014
9791185541006
9788994491257
9788991998933
9788956592183
9788915048249
9791160073751
9791185553344
9791196533007
9791185541662
9788996634249
9791189344887
9791190305020
9788967440008
9791160501261
9791186647134
9791187799115
9791164150151
9791187345367
9788996885597
9791185173030
9791187194149
9791160505016
9788991998995
9791187481577
9791160504279
9788927810056
9791160580105
9788957821299
9791157842728
9791189159047
9791160576191
9788997287093
9791186647301
9791196073107
9791190149020
9791160502312
9788970416595
9791188007134
9791125448679
9791190238106
9791160073799
9791188612796
9788957821213
9791186647264
9791196119584
9791157746170
9791189125493
9791164132591
9791196219376
9791188700288
9791130616322
9791196533052
9791196012748
9788936458980
9788934978671
9788990828613
9791185392998
9788996885580
9791196630454
9788934975298
9788966375479
9791162240007
9791189432911
9788926896488
9791163030911
9788934973300
9791187799061
9788994491516
9791163031093
9791188167128
9791156391746
9791190305884
9791186886892
9791188621781
9791188700516
9791186650523
9788996424734
9791156393023
9791186494431
9791188700073
9791156390404
9791186615430
9791188348411
9791156393078
9788973435074
9788996885559
9788925567754
9791195673445
9788994491530
9791186137710
9791188700592
9791185952123
9788959894215
9791163030843
9791186117446
9791160504873
9791155361405
9791195673476
9788934972242
9791187481324
9791188700493
9788962228960
9791156393191
9791186137635
9791130619330
9791189719005
9788966185894
9791185541631
9788952740380
9788984319981
9788956748337
9791196719401
9788997023561
9788997390663
9788960305366
9791186757468
9788994491875
9791186925157
9788960305342
9791187799054
9791158885571
9791156350514
9788931460254
9788964242254
9791189159542
9788960517486
9791190032346
9791157685240
9791163031147
9791161781358
9791196073145
9788996885542
9791186647226
9788950952891
9791185541792
9791195673407
9791189856113
9791185020747
9791157746576
9791157523399
9791188726134
9788931455434
9788925553184
9788982501180
9788960305106
9791190403917
9791160072464
9791160542745
9788970657844
9791187882015
9791158462949
9791189147082
9788994120096
9791161657554
9791189584030
9788976043771
9788959758852
9788993908916
9788960603318
9788982501050
9791161657875
9788968483448
9788960304987
9791161650401
9788960864498
9791160074840
9788952773715
9791195901982
9791189159443
9788959758609
9791158463212
9788968229473
9788931526479
9791195733774
9791155322093
9788977661196
9788957821114
9788998602130
9791196250515
9788957369364
9788958628224
9788925560960
9788965706137
9791187150350
9788964562222
9788937460722
9788952227829
9788952790712
9788937460036
9788925563350
9788950983031
9788937473210
9788950973025
9788994418537
9788925563770
9788958073345
9788937473173
9791155811887
9788901228761
9788937460753
9791156756552
9788983926296
9788950955199
9791188635108
9788995501443
9788993690491
9791157280292
9788937473166
9788936433673
9791190182645
9788952795496
9791159920967
9788937832208
9788937461187
9791156757009
9788961706209
9788937460500
9788991239685
9788962622713
9791196222628
9791162203392
9788998274948
9791196394578
9788982730009
9791159920257
9788986361438
9791196178680
9788959130580
9788931001990
9788983945068
9788987999364
9788988165911
9788984370791
9788952213211
9788997780136
9791196075170
9788936434151
9788947544337
9788932918143
9788956608556
9791189709815
9788936434106
9791160560640
9791130614779
9791170400011
9788984373358
9791160402841
9788957077740
9788950979409
9788954653480
9788936434366
9788954658355
9788984318885
9788954636858
9791160402971
9791188862375
9788937461309
9791186602447
9788936434359
9791160261561
9788982816635
9788950970888
9788954640718
9788998441012
9791190065672
9791130625904
9788954652841
9788954657211
9788960905481
9788952791160
9788937473197
9791196269494
9791189932084
9788954657273
9788984370753
9791160943733
9788970656588
9791190182591
9791196797706
9788936434311
9788952782076
9791165300005
9788998441074
9788959406975
9788956605593
9788937441257
9788937461798
9788937439742
9791160401967
9791185152431
9791160402865
9791160073713
9791158161026
9791160401745
9788985577922
9788954651059
9788901219578
9791195857906
9788932035338
9788954616515
9791189015381
9788950973766
9788956608334
9788957075425
9788950973759
9791196221676
9791162203620
9788954640756
9791162141786
9788937491306
9788936438012
9788956058054
9791160507973
9791186639702
9788928615360
9788947544986
9788965707561
9791185823270
9791130627878
9788937441943
9788947541473
9788925552651
9788984076266
9791186757420
9788952778901
9791188343225
9788925565545
9788997396870
9791156757993
9791196630706
9791196722005
9791186900789
9788934999348
9791197021602
9788925555553
9788925551425
9791165210427
9791196464110
9788932919553
9788957360293
9788954670630
9788925554990
9788950982249
9791187512141
9791160403640
9788956013404
9788937831652
9788954657471
9791188915101
9791160507386
9791189271275
9791160401974
9791164450084
9788983920683
9788960863132
9788972976196
9788950979515
9788950965693
9788936477837
9791158791186
9791158791179
9788983946966
9788925562537
9791160402247
9788936433444
9791130625850
9788965749875
9791185716541
9788998791971
9788901240107
9788991503007
9788950979508
9788983925343
9788983925466
9788950979522
9788950979492
9791162730249
9788963708386
9791189995416
9791160575910
9788934993223
9788950975913
9788934993216
9791135459146
9791195322183
9788954611770
9791186805114
9791188331741
9791162180723
9788954658713
9791196509415
9788965746621
9791186900222
9788954635356
9791130628639
9788936437381
9788954610131
9788954625470
9788954617628
9788991731516
9791129703620
9791188053735
9791158462413
9791156393085
9788934003786
9788970593029
9788950938994
9791156393108
9788901127415
9788931588507
9788960512924
9788962860344
9788965133841
9788997980420
9788956054353
9788956055053
9788960513051
9791185992204
9788977152656
9788960493889
9788960510388
9788934984573
9788956604183
9788947527897
9788996924081
9788998599508
9788970655871
9788952233462
9788997023011
9788985989732
9791159314520
9791187165439
9788965820086
9791162209899
9788931457179
9788997793242
9791189598006
9788960513099
9788962451306
9791155360736
9788926885246
9791130604527
9788970016641
9791161340098
9788926870563
9788997580675
9788965743552
9791186519271
9788952785329
9788974256258
9788952791108
9788956592572
9788973374687
9788927730743
9791162241479
9788931459715
9788926366219
9788990994004
9791186925690
9788927805632
9788985989626
9788985989787
9788974254551
9788934995456
9788952762290
9791195247998
9788960531963
9791159000508
9788991113756
9791159921070
9788926883273
9788901074627
9791189249113
9788960305328
9788965132967
9791186639160
9788952778888
9788931461053
9788959753659
9791156393054
9791158461980
9788958075295
9788960882188
9788947529525
9788947542784
9791185716152
9788926396674
9788970016962
9788966186655
9788994210896
9791158390396
9788992814546
9788996182528
9791162205044
9788960516786
9788975278730
9788959952977
9788934004066
9791130604831
9791189938772
9788959892167
9788954616393
9788934966579
9791196845391
9791187512172
9791162201510
9791156393146
9788960517271
9788965421832
9791190238007
9788955616477
9791187345114
9791186766040
9788996873983
9791164260645
9791186647202
9791186647349
9791187113072
9791196719425
9788926366035
9791196630409
9788968480768
9791196334703
9788992355926
9791130603346
9788962592184
9791186499634
9791162241547
9788967540715
9788954619868
9791196219321
9791157842971
9788969522696
9788926393468
9791195733743
9788984075474
9788968331510
9791186647363
9791189856540
9791157843244
9791125696520
9791185541754
9791155784044
9791195115808
9791187370949
9791187165064
9791195978212
9788946420243
9791156170082
9791186647073
9788935210428
9791160800838
9788931459623
9788934983811
9788998656881
9788993111316
9788901156736
9791158551957
9788968482762
9791195054510
9791186198520
9788954619851
9791195305810
9788952762726
9791185992006
9788993734959
9791186510520
9788960864375
9788966660476
9788969651280
9788952765109
9788954619875
9788996094067
9788954621830
9791158462802
9788960514126
9788926399934
9791188007271
9791155361306
9788925559445
9788991731653
9788954621847
9791190067102
9791186117798
9788950982829
9791190242028
9788968331718
9791159099472
9791155360620
9788952740274
9788997195503
9788925566962
9788952222374
9788901121451
9788996885535
9791189125264
9788991731493
9791187100287
9788936472269
9791188007448
9788901121475
9791188007158
9788901158655
9791186117736
9791196067656
9788952776235
9791190630832
9788925552910
9791190242097
9788952234650
9791186117576
9791187512066
9791160801507
9788952772978
9791155361269
9791186117484
9791189584368
9791186137727
9791190382076
9791185933597
9791186117965
9791157683055
9791185730172
9788991731745
9791189125509
9788993267631
9788984058248
9788993267457
9788994643649
9791188471102
9788925562025
9788994597133
9791186647042
9791155361214
9788963057446
9791155361382
9788996586050
9791196012755
9791158463205
9788950979935
9791185473277
9791188700622
9788970673530
9791185035499
9788954670760
9791155811818
9788955616897
9791187580409
9791188700400
9788965743453
9791186647431
9788956057828
9791188062089
9791187113225
9791160507645
9788997195947
9788996424789
9791190179232
9791195655571
9788962606096
9788993267570
9791185473598
9791185676432
9791130604848
9791158462932
9791156391739
9791185473284
9788995912430
9791188279548
9791155424742
9791186650424
9791155360729
9788993746433
9791155811344
9791187512332
9791188062119
9791155361122
9791155361191
9788970342672
9788997787333
9791155361351
9791188348398
9791185392776
9791188053384
9791160508420
9791188062188
9791188062041
9791195799121
9791155360668
9791187113232
9791164150205
9791155360644
9788952738660
9788926396858
9791187100577
9788994013626
9788962609769
9788954657266
9788931456882
9791187113140
9791195386642
9791155360507
9791155360743
9791186065020
9791186065051
9791170262367
9791155360712
9791187749301
9791189199029
9791188554157
9791195624010
9791186745298
9791195799107
9791190032209
9791186757079
9791157843497
9791160504255
9791130629322
9788993418705
9791185141305
9788968331732
9788931582314
9791187113171
9788998075668
9791186925256
9788994199603
9788997575084
9791155361429
9788996931201
9791130605654
9791155361238
9791188062225
9788965132554
9788952781215
9788959892747
9791186925638
9791188062102
9791187113041
9791185035901
9791187113331
9791196512507
9791130605005
9791160071399
